1.185609498566438
1.214670093295648
1.155292742589871
1.147222827965569
1.189803833393418
1.400832826467275
1.421948311259639
1.540506238525616
1.710649419317011
1.6792045620388
1.632570055719416
1.530837592221623
1.581479232417154
1.447153294994619
1.578421322095529
1.536872386362083
1.532875183578448
1.498798544461313
1.372821278803469
1.485316617438258
1.443267418925584
1.630033350423495
1.665508891995856
1.694812392709684
1.799994461540319
1.799581845997675
1.874554704456141
1.944301814740345
2.098472285765808
2.128009148096054
2.109058693886726
1.824730648146595
1.815879799602344
1.968309916582512
1.95086316331386
2.104516344474145
2.044987510308975
1.873402899176972
1.757071058799645
1.716126895697681
1.668844264907152
1.614096203834216
1.537896238565975
1.421714600320456
1.372119692864558
1.371162335178381
1.513212170945976
1.473684755950557
1.387895602668016
1.421396297767527
1.399971191736241
1.295459697518159
1.227973246378901
1.373455787203892
1.629649328946679
1.425552742822328
1.397972776074319
1.41235740548451
1.59440075983221
1.581026372845525
1.485978586364466
1.504716933436472
1.535491743817768
1.549660429016188
1.584793044528815
1.672766123918603
1.794426797426969
1.714194637730137
1.672725964574174
1.448424805199445
1.417234625194057
1.458299099311867
1.455621887869298
1.460923105961505
1.394868352103953
1.499759971712449
1.54361264941083
1.584752501339059
1.64745561750623
1.680552586827026
1.536500029545385
1.417315585637936
1.343464773724584
1.400067210681175
1.349511844394308
1.465039358323465
1.40494614354871
1.161903748100043
1.070957138891793
1.2238972842237
1.199156805806543
1.117710067724264
1.153957732935856
1.101051964848492
1.152343746175501
1.117425627062053
1.141644216017232
1.113830503197091
1.122250100657183
1.178619041587067
