1.028881721407831
0.8453330054732484
2.020057632210277
1.661558996610174
0.6745639545775727
2.162779704294074
0.4926320577849047
-0.2171974441388373
1.88023847219122
2.084674320521238
-0.276721399237509
0.8335819469186246
2.549283758788354
1.270642593066471
2.289328714082274
2.034362221974586
1.569891200743414
1.046636148251231
0.8011347507259997
3.036831289463031
2.058813291362211
2.77439588571311
1.72004997756608
1.87412623068995
0.2772822226362202
2.44295081013123
0.1355318765034546
3.782111096253944
1.412114026459084
1.864669924367822
2.180960364493608
1.444028658852829
2.569205599546132
1.085027989072937
-0.02877699267819422
3.339507666244586
3.576626822889857
0.3398189911891383
3.101347405159568
0.7010209467308264
2.754064288707099
1.770117178523644
1.586986083170858
1.419825602940057
0.5672888069104408
1.963293669406247
2.126917878273589
1.426100053440651
0.08736822161630475
1.35947594157667
1.010377966088506
0.4226183228724246
1.602304939397286
2.742339813461226
0.6683564538172568
-0.1577489388494639
1.794763399874106
1.654791872685132
2.043278510908152
2.267960676353321
2.964518978520696
0.560934535253687
1.597948266850336
1.326697033994488
1.43932006734948
0.7115845055327086
1.49841906360721
2.30216127357048
1.709252663081293
0.4693844611168675
1.638069115659974
2.308399977553307
2.588231275706494
2.194996518014242
2.069341092348358
1.524947515196988
2.635962535270073
1.422037206080998
-0.3791436607189016
2.769411105574848
1.522979067641481
0.5188167260526115
-0.008767763253282546
-0.491006925499986
2.165552062675506
1.221382143477627
1.838461821141477
2.434122589897922
0.7939335626947643
2.379230360949623
2.342729687290076
1.18132430043763
-0.1670006529556354
0.5123976553870052
2.328581606602636
-0.141193094149215
-1.243725427705841
0.4816929629406284
0.9237926463673818
0.8574044176104059
